Cost = 137006911783019.480000	# of function calls = 0
Cost = 136968631471599.310000	# of function calls = 8
